10,185
10,227
10,253
10,305
10,311
10,181
10,273
10,2
10,3
11,21
11,27
9,7
9,2
9,3
8,8
8,14
8,12
8,17
53,3
53,2
53,1
53,0
52,3
52,2
52,1
52,0
51,3
51,2
51,1
51,0
50,3
50,2
50,1
50,0
49,4
49,3
49,2
49,1
49,0
48,4
48,3
48,2
48,1
48,0
47,4
47,3
47,2
47,1
47,0
34,3
34,1
20,3
20,2
20,1
19,3
19,2
19,1
12,3
12,2
12,1
11,28
11,26
11,25
11,24
11,23
11,22
11,20
11,18
11,17
11,16
11,15
11,13
11,12
11,9
11,8
11,6
11,3
18,1
11,2
18,3
11,1
10,279
10,277
10,274
10,261
10,224
10,218
14,1
10,217
14,3
10,182
10,180
13,1
10,176
13,3
